- log: 2022-10-29 22:02:22.259563 [ERROR] [demo_classes.py.Parent.a2_manual:47] MSG_1
  children:
    - log: 2022-10-29 22:02:22.262618 [WARN] [demo_classes.py.Parent.a1:38] MSG_1
    - log: 2022-10-29 22:02:22.269823 [WARN] [demo_classes.py.Parent.a1:38] MSG_1
